boost_and_two_level_bridge_rtlab/SC_Console/OpComm: 1 : 0.000000000000000 : 0.000000000000000 : 1 : 0 : [0]
boost_and_two_level_bridge_rtlab/SM_eHS/OpComm: 165 : 0.000020000000000 : 0.000020000000000 : 1 : 0 : [800,25,1,0,49,48,52,53,53,9,1,3,12,13,0,2,48,49,50,51,48,49,50,51,52,53,54,54,56,57,58,59,60,61,62,63,0.0066,0.33,0.08,0.004125,0.0048529,1,0.005,0.005,0.1,0.1,0.1,0.1,0.005,0.1,0.1,0.1,1,1,1,1,1,1,1,1,1,1,1,1,1,1,1,1,0,0,1.65,1.65,1.65,0,0,0,0,0,0,0,0,0,0,0,0,0,0,0,0,0,0,0,0,0,0,0,0,0,0,0,3.3,3.3,3.3,3.3,3.3,5,5,5,5,5,5,5,16,16,16,16,16,16,16,16,16,16,16,16,16,16,16,16,16,16,16,16,0,0,0,0,0,-5,-5,-5,-5,-5,-5,-5,-16,-16,-16,-16,-16,-16,-16,-16,-16,-16,-16,-16,-16,-16,-16,-16,-16,-16,-16,-16,2]
boost_and_two_level_bridge_rtlab/SC_Console/OpComm1: 1 : 0.000000000000000 : 0.000000000000000 : 2 : 0 : [0]
boost_and_two_level_bridge_rtlab/SC_Console/OpComm3: 1 : 0.000000000000000 : 0.000000000000000 : 3 : 0 : [0]
boost_and_two_level_bridge_rtlab/SC_Console/OpComm2: 1 : 0.000000000000000 : 0.000000000000000 : 4 : 0 : [0]
boost_and_two_level_bridge_rtlab/SC_Console/OpComm4: 1 : 0.000000000000000 : 0.000000000000000 : 5 : 0 : [0]
SampleTime=0.000020000000000
