my_pv_system/SC_user_interface/OpComm: 1,1,1 : 0.000000000000000 : 0.000000000000000, 0.000000000000000, 0.000000000000000 : 1 : 0 : [0,0,0]
my_pv_system/SM_master/OpComm1: 1 : 0.000001000000000 : 0.000001000000000 : 1 : 0 : [0]
my_pv_system/SM_master/OpComm: 1,1 : 0.000001000000000 : 0.000001000000000, 0.000001000000000 : 1 : 0 : [1000,25]
my_pv_system/SS_calculation/OpComm: 1 : 0.000001000000000 : 0.000001000000000 : 1 : 0 : [0]
my_pv_system/SS_controller/OpComm: 1,1 : 0.000001000000000 : 0.000001000000000, 0.000001000000000 : 1 : 0 : [0,0]
